0 data/demo_data/dog.jpg 768 576 0 453 369 473 391 1 588 245 608 268
1 data/demo_data/dog.jpg 768 576 1 466 403 485 422 2 763 300 765 320
2 data/demo_data/dog.jpg 768 576 0 453 369 473 391 1 588 245 608 268
3 data/demo_data/dog.jpg 768 576 1 466 403 485 422 2 763 300 765 320
4 data/demo_data/dog.jpg 768 576 0 453 369 473 391 1 588 245 608 268
5 data/demo_data/dog.jpg 768 576 1 466 403 485 422 2 763 300 765 320
6 data/demo_data/dog.jpg 768 576 0 453 369 473 391 1 588 245 608 268
7 data/demo_data/dog.jpg 768 576 1 466 403 485 422 2 763 300 765 320
8 data/demo_data/dog.jpg 768 576 0 453 369 473 391 1 588 245 608 268
9 data/demo_data/dog.jpg 768 576 1 466 403 485 422 2 763 300 765 320
10 data/demo_data/dog.jpg 768 576 0 453 369 473 391 1 588 245 608 268
11 data/demo_data/dog.jpg 768 576 1 466 403 485 422 2 763 300 765 320
12 data/demo_data/dog.jpg 768 576 0 453 369 473 391 1 588 245 608 268
13 data/demo_data/dog.jpg 768 576 1 466 403 485 422 2 763 300 765 320
14 data/demo_data/dog.jpg 768 576 0 453 369 473 391 1 588 245 608 268
15 data/demo_data/dog.jpg 768 576 1 466 403 485 422 2 763 300 765 320